8,-0.10,-0.99,0.00,4.06,36.8,0.175
9,-0.12,-0.96,0.00,4.06,36.8,0.175
C,-0.08,-1.00,0.00,4.05,36.8,0.175
0,-0.11,-0.99,0.00,4.06,36.8,0.175
1,-0.09,-0.98,-0.01,4.05,36.8,0.175
2,-0.09,-0.96,0.00,4.06,36.8,0.175
3,-0.09,-0.99,-0.00,4.06,36.8,0.175
4,-0.13,-0.91,0.02,4.05,36.8,0.175
5,-0.06,-0.93,0.03,4.06,36.8,0.175
6,-0.12,-0.91,0.02,4.06,36.8,0.175
7,-0.11,-0.97,0.01,4.06,36.8,0.175
8,-0.04,-0.97,0.05,4.06,36.8,0.175
9,-0.14,-1.04,0.06,4.06,36.8,0.175
C,-0.06,-0.92,0.03,4.06,36.8,0.175
0,-0.09,-1.00,0.03,4.06,36.8,0.172
1,-0.09,-1.03,0.01,4.06,36.8,0.175
2,-0.11,-0.97,0.02,4.06,36.8,0.175
3,-0.08,-1.00,0.03,4.06,36.8,0.175
4,-0.10,-0.97,0.02,4.06,36.8,0.175
5,-0.11,-0.99,0.01,4.06,36.8,0.175
6,-0.10,-0.97,0.03,4.06,36.8,0.175
7,-0.11,-1.00,0.00,4.06,36.8,0.175
8,-0.13,-0.99,0.03,4.06,36.8,0.175
9,-0.12,-1.00,0.01,4.06,36.8,0.175
C,-0.11,-0.96,0.02,4.06,36.8,0.172
0,-0.12,-0.98,0.02,4.05,36.8,0.175
1,-0.12,-0.99,0.01,4.06,36.8,0.172
2,-0.11,-0.98,0.01,4.06,36.8,0.175
3,-0.11,-0.99,0.01,4.05,36.8,0.175
4,-0.12,-0.99,0.01,4.06,36.8,0.175
5,-0.12,-0.98,0.02,4.05,36.8,0.175
6,-0.11,-0.96,0.02,4.06,36.8,0.175
7,-0.05,-0.96,0.02,4.06,36.8,0.175
8,-0.13,-0.99,0.10,4.06,36.8,0.175
9,-0.13,-0.95,0.06,4.06,36.8,0.175
C,-0.07,-0.99,0.09,4.05,36.8,0.175
0,-0.09,-1.00,0.11,4.06,36.8,0.175
1,-0.10,-0.99,0.10,4.05,36.8,0.175
2,-0.09,-0.99,0.09,4.06,36.8,0.175
3,-0.08,-0.99,0.07,4.06,36.8,0.175
4,-0.08,-1.00,0.09,4.06,36.8,0.175
5,-0.08,-1.00,0.08,4.05,36.8,0.175
6,-0.08,-1.00,0.08,4.06,36.8,0.175
7,-0.08,-0.98,0.09,4.06,36.8,0.175
8,-0.08,-1.00,0.07,4.06,36.8,0.175
9,-0.08,-1.00,0.08,4.06,36.8,0.175
C,-0.08,-1.00,0.07,4.05,36.8,0.175
0,-0.08,-0.99,0.08,4.06,36.8,0.175
1,-0.08,-1.00,0.07,4.06,36.8,0.175
2,-0.06,-0.99,0.05,4.05,36.8,0.175
3,-0.06,-1.00,0.03,4.06,36.8,0.175
4,-0.08,-0.99,0.06,4.06,36.8,0.175
5,-0.10,-1.00,0.06,4.06,36.8,0.175
6,-0.08,-1.00,0.05,4.06,36.8,0.175
7,-0.09,-0.99,0.05,4.06,36.8,0.175
8,-0.08,-0.98,0.05,4.06,36.8,0.180
9,-0.09,-0.99,0.06,4.06,36.8,0.177
C,-0.08,-0.99,0.05,4.06,36.8,0.180
0,-0.08,-1.00,0.05,4.06,36.8,0.180
1,-0.07,-0.97,0.06,4.05,36.8,0.182
2,-0.08,-1.00,0.05,4.06,36.8,0.182
3,-0.07,-0.98,0.07,4.06,36.8,0.185
4,-0.08,-0.98,0.05,4.06,36.8,0.182
5,-0.07,-1.00,0.05,4.06,36.8,0.185
6,-0.07,-0.98,0.06,4.06,36.8,0.182
7,-0.07,-1.00,0.07,4.06,36.8,0.182
8,-0.06,-0.99,0.05,4.06,36.8,0.182
9,-0.05,-1.00,0.07,4.05,36.8,0.180
C,-0.06,-1.00,0.07,4.06,36.8,0.180
0,-0.07,-0.97,0.07,4.06,36.8,0.180
1,-0.06,-0.99,0.07,4.06,36.8,0.180
2,-0.07,-0.98,0.07,4.06,36.8,0.180
3,-0.06,-1.00,0.07,4.06,36.8,0.180
4,-0.06,-1.01,0.05,4.06,36.8,0.180
5,-0.07,-0.98,0.07,4.06,36.8,0.180
6,-0.08,-0.99,0.06,4.06,36.8,0.180
7,-0.07,-0.99,0.07,4.06,36.8,0.180
8,-0.06,-0.98,0.07,4.06,36.8,0.180
